   2.0000000e+00  -1.5393937e-01  -1.3903087e+00  -1.6745487e+00  -1.7336888e-01  -6.8433685e-01  -4.3642202e-01   2.8008208e-01  -1.5575883e+00   1.5633854e+00   2.5623672e-01
   2.0000000e+00  -6.1964630e-02  -1.0215417e+00   5.6627632e-01   8.4574075e-01   4.1620697e-01  -1.0801591e+00  -5.8689665e-01   7.8459688e-01   5.8605106e-02  -5.8015755e-01
   2.0000000e+00   1.8947871e+00  -1.6668632e+00   1.1859538e+00   8.2220284e-01  -3.0117034e-01   1.2455634e+00  -2.5548388e-01   2.8293398e-01   4.6751004e-01  -1.4888542e-01
   2.0000000e+00   2.1743032e-01   3.9596942e-01  -3.9207486e-01   1.7582450e+00   1.2081664e+00   9.2485382e-01  -2.1630992e+00   9.8553189e-01  -1.6072424e+00  -5.6256578e-02
   2.0000000e+00   1.2503568e+00   4.7802343e-02   3.3861240e-01   1.3224542e+00   7.8153883e-01  -8.0077822e-01   2.5367508e+00   6.9164027e-01   1.0282481e-01  -8.6100392e-01
   2.0000000e+00   5.1642288e-02   6.9771998e-01   8.9697966e-01  -7.0177553e-01   1.8887154e+00   9.3470165e-01  -1.8706452e+00  -1.9376537e+00   3.4452207e-01  -3.3440011e-01
   1.0000000e+00   7.6700218e-01   3.5071581e-01  -1.5553574e+00  -4.2525455e-01  -7.0263191e-01   5.8932771e-02  -9.1394851e-01   4.3967174e-01   3.3335860e-01  -1.7307924e+00
   2.0000000e+00  -5.2824847e-01  -8.4045815e-01   1.8950177e+00   7.7492982e-01  -2.4103445e-02  -2.2474854e+00  -1.3575732e+00   2.2849076e-01   9.8382103e-01  -1.3521883e+00
   2.0000000e+00  -2.9297186e-01   5.8493863e-01   1.9368353e-01  -6.1160729e-01  -1.1691680e+00   6.4919659e-01  -4.2559615e-03  -1.7107677e+00  -2.0094383e+00  -2.3317234e-01
   2.0000000e+00  -1.8224367e+00  -8.8605428e-01   2.7021814e-01   7.8326869e-02  -1.4386060e+00   1.3262950e+00  -6.9196218e-01   5.1213270e-01   9.7426497e-01   7.1701455e-01
   2.0000000e+00   4.3969784e-01   2.1733805e+00  -1.5175557e+00  -1.5897755e+00   1.0417793e+00   1.5957139e-02   6.0339915e-01  -3.0647047e-02   2.7297020e+00  -2.0111997e+00
   2.0000000e+00   7.4341349e-01  -1.3180257e+00   9.1935318e-01   6.5249096e-01  -2.2745768e+00   1.4817248e+00  -8.4009782e-01  -1.7974011e-01  -1.3627682e+00   3.3293984e-01
   2.0000000e+00   5.8899862e-01   3.8775244e-01   3.2825884e-01   5.9569177e-01  -1.2435633e+00  -5.3593877e-01  -1.1134915e+00  -2.6553699e-01  -6.0704528e-02  -4.2256819e-01
   2.0000000e+00   8.5318681e-01  -1.1068874e+00  -1.0006254e+00  -1.2790206e+00   1.2469820e-01  -6.9221219e-01  -2.3549106e-01  -1.3147471e+00  -3.5540744e-01  -5.2655588e-01
   2.0000000e+00   3.1055439e-01  -3.0938370e+00  -1.0968009e+00   5.6130448e-01  -3.7777290e-01  -9.1904678e-01  -9.7832238e-01  -1.4527760e+00   1.7507312e+00   3.1693737e-01
   2.0000000e+00  -4.7269295e-01   2.7980954e-01   5.1920137e-01  -1.6467799e-01   2.6565374e+00   4.8638290e-01  -4.7544930e-01   1.4573422e-02  -8.6348238e-01   1.2708015e+00
   2.0000000e+00   3.0171987e-01  -1.6610997e+00  -8.5312752e-01  -1.1587370e+00   4.5710285e-01   2.1819181e+00   2.4517915e-01   1.3472679e+00  -8.6827333e-01   1.0834904e+00
   2.0000000e+00   8.0178409e-01  -7.4785822e-02  -1.2529933e+00   2.4938260e-01   2.4626321e-02  -1.1450195e+00   1.3019064e-01  -4.8138648e-01  -7.2433822e-01   1.3686915e+00
   1.0000000e+00   1.3766560e-01   2.8472223e-01   3.9723145e-01   4.1872198e-01  -1.2082402e-01   5.6232641e-01   1.3337859e+00   2.9523427e-01   1.3644627e+00  -6.0417616e-01
   2.0000000e+00  -4.2256963e-01  -3.3194408e-01   3.1136448e-02   5.0488938e-02  -1.7162578e-01  -1.4964272e+00   4.0704307e-01  -1.8929401e+00  -6.2336079e-01  -1.6991515e+00
   1.0000000e+00  -1.2503287e-01  -1.2413937e+00  -1.0667692e-01   5.6197130e-01   3.4574985e-01   1.9927816e-01   1.3349131e+00   8.0391219e-02  -2.2625988e+00  -2.4739268e-01
   2.0000000e+00   9.3962434e-01  -5.5625902e-01  -1.1711173e+00  -6.8524496e-02  -1.1006653e+00  -5.7535984e-01  -9.0811471e-01   1.1058473e+00  -8.8791758e-01  -9.4867768e-01
   1.0000000e+00   6.7855190e-02  -2.7276942e-02  -4.2293622e-02   4.0620085e-01  -2.8881897e-01   4.7405089e-01   2.2628834e-01  -2.0670437e-01  -2.0144090e+00   8.3070123e-01
   2.0000000e+00  -1.0678254e-01   1.1589704e+00  -3.2096469e-01  -4.7507768e-01  -5.6255392e-01  -2.4224067e-01  -9.1029452e-01  -6.8063787e-01   8.7894075e-01  -3.4112453e-01
   2.0000000e+00  -1.2511325e+00  -8.9381785e-01  -8.5127984e-01  -2.3216935e-01  -9.5415539e-01   1.0020379e+00   2.1559694e-01   1.7557343e+00   2.4417224e+00  -1.1087583e+00
   2.0000000e+00  -1.0567211e+00   8.3051555e-02   4.8173605e-01  -5.6520358e-01  -1.0213903e+00   1.8576137e+00   8.1456719e-01  -1.7536664e-01  -3.6650119e-01   3.1558245e-01
   2.0000000e+00  -8.3911910e-02  -5.3820410e-01  -7.3822604e-01   4.5087208e-01  -1.0364270e-01  -1.8597305e-01   5.6115627e-01  -1.3833336e+00   1.4703100e+00   4.1071824e-01
   2.0000000e+00  -1.1844341e+00   1.3540261e+00   2.3930743e+00   4.6627545e-01   4.7056225e-01  -4.8774899e-01  -4.3339829e-01   1.5339118e-01   3.1678231e-01   9.7556501e-01
   2.0000000e+00  -1.5638821e+00  -9.4353115e-01   1.8900796e-01   7.4712383e-01   1.2770670e+00   4.1204677e-01  -1.4995585e+00   1.1107317e-01   6.0573802e-01  -1.3353423e+00
   2.0000000e+00  -1.5224212e+00   4.8882114e-01   1.6375236e+00   1.1318041e+00  -7.3724802e-01  -1.8268380e+00   1.0066913e-01  -7.1309087e-01  -1.4987993e-01  -3.4497144e+00
   2.0000000e+00  -1.3380519e+00  -1.9323084e+00  -5.3630930e-01   8.0772701e-01   2.3210510e-01  -4.5071108e-01   3.4261592e-01   4.3035593e-01   2.5987031e-01   2.7863074e-01
   1.0000000e+00   1.0010127e+00   6.3451093e-02  -5.8118336e-01   2.8518184e+00   4.8536096e-01   3.2562338e-01   9.4657888e-02  -1.3543090e-01  -3.6131961e-01  -2.4352537e+00
   2.0000000e+00   3.5743829e-02   1.5471454e+00   1.4919966e+00   1.9250427e-02   2.0628672e+00  -8.6706550e-01   4.1284789e-01   1.1078778e-01  -2.1827033e+00  -3.7483882e-02
   2.0000000e+00   1.6312826e+00   7.0171916e-02   1.1746527e+00  -5.9947463e-01   3.7444018e-02  -7.3632415e-01  -1.1271726e+00   1.5267100e-01  -4.5105825e-01   2.0709785e-01
   2.0000000e+00   7.9295248e-01   1.0214024e+00  -2.6603929e-01  -8.3909375e-01  -4.6311281e-01   9.0156536e-01   1.0611876e-01  -8.2937885e-02   6.8599888e-01   2.9911977e-01
   2.0000000e+00  -1.2441433e+00  -6.8243472e-01   1.0201774e+00  -7.3311303e-01  -1.2451902e+00  -4.5515631e-01   5.6589356e-01   2.4857097e-01   4.5044998e-02  -2.0351269e-01
   2.0000000e+00   2.1158327e-01   1.2295501e+00  -1.8477241e+00  -1.1794047e+00   1.3979500e+00   3.1854635e-01  -5.1324594e-01  -1.4676122e+00   7.4304059e-01  -1.4995422e+00
   2.0000000e+00  -9.1091280e-02   3.6706166e-01   4.0816456e-02  -6.3239700e-01  -8.5593340e-02  -9.5388613e-01   6.7742943e-02  -1.5317806e-01   2.2872770e-01  -6.2102204e-01
   2.0000000e+00   1.0139648e+00   1.0455784e-01   6.7055286e-01  -6.0666127e-01  -1.6519986e+00   5.6320606e-01  -9.4668347e-01  -5.4970074e-01   1.6230074e-01   1.8849187e+00
   2.0000000e+00  -1.6938869e-01  -2.9747290e-01  -1.7996277e-02   7.5603915e-01   1.2497127e+00   3.4336034e-02   2.1771379e+00  -5.0779831e-01   4.2385724e-01  -1.7987474e-01
   2.0000000e+00  -1.1117560e+00   1.4269170e+00  -2.8404274e-01  -6.0406063e-01  -8.7562698e-01   2.9223441e-01  -3.5867597e-01  -1.5325722e-01  -6.6301726e-01  -6.7504539e-01
   1.0000000e+00   7.9050651e-01   2.4044535e-01  -1.4684637e+00   3.3902986e-01   3.5036915e-01   2.7696247e-01  -1.0164170e+00  -5.1679846e-01   1.5143928e+00  -1.0391873e-01
   2.0000000e+00  -1.7938070e+00  -2.6777363e-03  -4.7913772e-01   7.8384786e-01  -3.4169615e-01  -4.7051682e-01   7.1490703e-01   3.5016160e-01   1.2992912e+00  -2.3208715e-01
   2.0000000e+00   7.9476194e-01   4.8298285e-02   1.3823908e+00  -7.5998187e-01   3.2350971e-02  -4.6056740e-01  -1.7882799e+00  -5.9032670e-01   1.5189678e+00  -5.6645376e-01
   2.0000000e+00  -8.4341942e-01  -1.9525874e-03   2.1293093e-01   1.6371284e-01  -8.2664862e-01  -2.4392213e-01   1.3098997e+00   1.1665266e-01  -1.5770803e+00  -2.0862146e+00
   2.0000000e+00   6.8921821e-01  -9.5339222e-01  -8.6195652e-02  -4.6025477e-01  -1.1038888e+00   1.0492872e-01   1.6025764e+00  -1.1687403e+00   5.6296975e-01   1.7612697e-02
   2.0000000e+00   9.8253912e-01  -2.9069080e-01  -7.3742781e-01  -1.5845766e+00  -7.2658918e-01  -5.5237322e-01   3.8513253e-01  -1.6734134e+00  -1.2874616e+00   6.8057381e-01
   2.0000000e+00  -5.9217422e-01  -6.9064520e-01   5.3929042e-01   1.4687162e+00  -1.4258606e+00   1.5522842e-01   6.7928419e-02   1.7613229e-01  -4.3819431e-01   7.4125934e-02
   2.0000000e+00   2.6334969e-01   7.2647173e-01   1.5506706e+00  -6.6002746e-01   1.5272151e+00   2.2003428e+00  -5.8842198e-01   7.5055233e-01  -4.7201279e-01  -4.1548376e-01
   2.0000000e+00   1.7172541e-01  -6.9679053e-01   1.0875655e-01  -1.8935129e+00  -4.3837038e-01  -1.8967006e+00  -2.0938573e-01  -1.0333846e+00   4.0053521e-01   8.0470826e-01
   2.0000000e+00   4.4507910e-01  -7.5622010e-01   1.4286638e+00  -9.4328660e-01  -1.0458852e+00  -1.0479602e-01  -6.1601480e-02   8.9917031e-01   1.0973372e+00  -1.3344502e+00
   2.0000000e+00   1.0616849e+00  -1.1457267e+00  -1.3810987e+00  -5.5425980e-01   1.5530079e+00   5.1173569e-01  -5.7209699e-01   7.4302713e-01   1.4579816e-01  -3.0345645e+00
   2.0000000e+00  -2.4150698e-01  -3.8833753e-01  -1.0549843e+00   1.2741950e+00  -8.1299973e-01   6.6507821e-01  -2.8558385e-01  -7.4440409e-02  -9.5275164e-01  -1.9527919e+00
   2.0000000e+00   7.4715373e-01   8.9289828e-02   1.0837883e+00  -8.5276056e-01   1.7834703e+00   7.9072666e-01  -7.9729559e-01   3.2642203e-01   9.1721507e-01  -4.5597933e-01
   1.0000000e+00   1.0104901e+00  -5.2811732e-01   2.1506582e-01   7.7960759e-01   1.1351366e-01   2.0874498e-01   1.5859431e-02   2.6138277e-01   1.0514952e-01  -1.5850630e-01
   2.0000000e+00  -8.6038091e-03   3.9030910e-01  -4.2909605e-01  -2.4125259e-01  -2.0544549e+00   4.8171684e-01  -5.1775942e-01   6.1402959e-01   1.8120352e-01  -8.4160712e-01
   2.0000000e+00  -1.5244667e+00   5.3627142e-01  -1.8057930e-01  -9.2577447e-01  -1.0420024e+00   6.0460874e-01  -4.6906126e-01   4.7740587e-02  -2.3309954e-01  -1.0132166e-01
   2.0000000e+00   8.5467404e-01   1.0217082e+00  -8.4167840e-01   1.2096679e+00  -1.3795342e+00   3.2559750e-01  -3.0908282e-02   1.1411915e+00  -7.7847015e-01   1.8825850e+00
   2.0000000e+00   6.3176988e-01   7.4975434e-01  -1.0789837e+00  -4.0524374e-01   2.7565537e-01  -1.7236701e-02   1.6271529e-01  -7.2186588e-01   3.5249301e-03   1.7434357e+00
   2.0000000e+00  -1.3809865e+00   1.2955160e+00   3.7500363e-01  -1.1190063e+00   2.4516076e-01  -3.5272059e-01   1.0072812e-01   2.7385185e+00  -2.0875361e+00   1.0138717e+00
   2.0000000e+00   2.5944567e-01  -1.0737247e+00   1.9075203e+00   1.2677759e-02  -1.2913090e+00   2.4060656e-01  -4.3767056e-01   1.6580531e-02  -1.8304294e+00  -1.6266744e-01
   2.0000000e+00   7.9015952e-01  -3.5166632e-01   1.4902174e-01  -4.4018814e-01  -1.2659971e+00   7.9507515e-01  -6.7834606e-01  -9.3765140e-01   3.3236740e-01   1.2056269e+00
   2.0000000e+00  -1.1061387e+00  -4.7917080e-01   3.2542446e+00   7.6656032e-01  -2.7992914e-02  -9.0622641e-01   2.4400666e-02  -4.7274938e-01  -9.0801240e-01   5.7464212e-02
   2.0000000e+00  -1.5756499e+00   1.1356264e+00   4.4774279e-02  -1.0319757e+00   2.0671646e+00   1.0280078e+00   1.5790324e+00   1.2941641e+00   4.1667609e-01   8.8702829e-01
   2.0000000e+00   9.7740937e-02   4.8070771e-01  -1.6988851e+00  -3.3091050e-02  -1.7357616e+00  -9.1271421e-02   1.8960007e-01   8.2788325e-01   6.1782351e-01   4.8958823e-01
   2.0000000e+00  -5.8133097e-01   4.6545213e-03  -6.5708764e-01  -1.0929515e+00  -1.5035110e+00  -1.3306351e+00   6.7939779e-01   3.1479896e-01  -9.9438234e-01   1.5549977e+00
   2.0000000e+00  -9.1585269e-01   7.5743623e-01   7.2927049e-01   1.6711435e+00  -4.8778692e-01  -1.6347613e+00  -8.1954329e-01  -1.7285398e-01   1.2451822e+00   4.7913715e-01
   2.0000000e+00  -1.5114453e+00  -8.4793406e-01   1.1886475e-01   9.2601770e-01  -1.1819926e-01  -8.1689657e-01  -4.8650756e-03  -1.2969294e+00  -2.7338397e-01   6.5247258e-02
   2.0000000e+00   2.9713680e-01   1.2864029e+00   4.1245924e-03   1.9415798e+00   6.0312629e-02  -1.0980585e+00  -4.2200777e-02   1.1035542e+00  -1.3669927e+00   7.0560011e-01
   2.0000000e+00   6.0403467e-01   2.0171897e-01  -2.3072709e-01   9.8256020e-01  -7.9257406e-01  -4.9764989e-02   1.2657010e+00  -2.7346721e-01   1.3340388e+00   1.1075645e+00
   2.0000000e+00  -6.7315316e-01  -4.4068305e-01   4.2099040e-01  -5.1873231e-01  -1.6362935e+00  -5.2083639e-01   6.2142588e-01  -1.3696430e+00   1.2438981e+00   5.4678921e-01
   2.0000000e+00  -3.6496193e-01  -8.1350561e-01   5.4669975e-01   7.4507034e-02  -6.4123703e-01   7.3099217e-01   5.8635533e-01   7.3048094e-01   9.6364308e-01  -4.8656655e-01
   2.0000000e+00   1.1040037e+00   3.1455009e+00  -1.2547370e+00   2.8553925e-01  -1.3506592e+00  -1.3608596e-01   2.9630420e-01  -3.9444322e-01   1.1883489e+00   1.5772355e+00
   2.0000000e+00   3.8033692e+00   2.9849379e-01   1.2335890e+00   9.3615110e-01  -9.5645480e-01  -1.1767943e+00  -1.6187396e-01   8.7164409e-01  -6.7190430e-01  -1.1576838e+00
   2.0000000e+00   1.1421107e+00  -8.6738317e-01  -1.2972218e+00   7.5549393e-02  -1.4112499e+00   2.3370771e+00  -1.5016644e-01   9.3045185e-01   9.0311090e-01  -6.0775378e-01
   2.0000000e+00  -2.3775306e-01   7.7449343e-01  -8.6660053e-01   1.6601046e+00   1.0488377e+00  -2.0680377e+00  -1.3235073e-01   3.6444414e-01  -3.7734705e-01  -5.8645461e-02
   2.0000000e+00   2.2256471e-01  -9.8684382e-01   1.5370329e-01   6.5388881e-01  -7.6988258e-01  -1.6561702e-02   6.6053640e-01   1.2096046e+00  -2.4674414e+00  -2.6596941e-01
   2.0000000e+00  -1.8635728e-01   7.1835228e-01  -7.4098381e-01   4.6788861e-01  -1.4232499e-01  -1.8653438e-01  -7.6290519e-01   9.5948014e-01  -4.6920855e-01  -1.4997704e+00
   2.0000000e+00  -3.6867441e-01   3.2899801e-01  -1.8296281e+00   5.7199368e-01  -2.6898945e-01   1.5020022e+00   7.4354388e-01   1.7098086e-02  -1.1714217e-01  -6.8581631e-01
   2.0000000e+00   1.0715991e-01  -1.2366017e+00  -1.5492037e+00   1.0195942e+00   2.6973160e-01  -7.0798878e-01   1.0528248e+00   2.3454142e+00  -7.4412430e-01  -1.4688521e+00
   2.0000000e+00   7.3427455e-01  -6.8231794e-01   1.7967278e+00  -3.1637105e-01   4.8827787e-01   1.6524016e+00   1.2010231e-01   2.6843042e-01   5.1760937e-01  -8.6060885e-01
   2.0000000e+00  -1.2560333e+00   6.7226192e-01  -6.3873211e-01  -5.9146512e-03  -5.9489836e-01   9.1794466e-01  -1.1119579e-01  -5.5086241e-01   6.1648886e-01   3.4706870e-01
   2.0000000e+00  -6.5818592e-01  -9.2996721e-01   6.1648406e-01  -1.4440611e+00  -7.3923623e-01  -4.9344098e-01  -5.9591821e-01   7.8065597e-01  -1.0417866e+00  -1.1177615e+00
   2.0000000e+00  -9.9151199e-01   1.3087768e+00  -2.7849060e+00  -6.2729997e-01  -1.1733988e+00   9.8151203e-01   1.2408920e+00   5.8515345e-01  -1.3920348e-01   2.5218662e-01
   2.0000000e+00   1.3657746e-01   1.4406952e+00   4.1741101e-01   2.0160144e+00   1.5224085e+00   5.7155944e-01   7.1325519e-01  -7.0647706e-01   1.3450820e+00  -8.7018084e-01
   1.0000000e+00   1.0508154e+00   1.2084230e+00  -9.0027998e-01   6.3727598e-01  -1.3904523e-01   6.7789274e-01  -3.1759821e-01  -5.1172244e-02  -1.7404655e-01  -3.1798675e-01
   2.0000000e+00  -1.1291447e+00   1.4413372e-01  -2.0224033e+00   1.4256919e+00   1.2491949e+00  -1.9754531e-01  -1.2676918e-01   1.4419586e+00  -2.6132706e-01   2.1951654e-01
   2.0000000e+00   5.5421170e-01  -1.5898858e+00  -3.3550874e-01   1.4157313e-01  -2.1764544e-01  -3.0538671e-01   9.1027680e-01   1.9886934e-01   7.9171049e-01  -2.1184928e+00
   2.0000000e+00  -1.5572855e+00   7.9151404e-01   1.1725076e+00  -5.1685957e-02  -6.2542074e-01   1.0090181e+00   7.4096550e-01   8.2318093e-02   1.1178574e+00  -8.5253900e-01
   2.0000000e+00   2.2007045e-01   5.4568795e-01   9.5256625e-01  -1.7553303e-01  -1.3182758e+00  -3.9697942e-01   4.9016164e-02  -2.8827240e-01  -2.1077012e-01  -1.4361257e+00
   1.0000000e+00  -1.8681218e+00  -6.5845659e-01  -1.6829787e+00  -5.8866038e-01  -5.5351674e-01   6.2268919e-01   1.3695580e-01  -7.0588011e-01  -1.6897922e-01  -1.7828683e-01
   2.0000000e+00   1.2467480e-01   9.1564098e-01  -1.8466748e+00  -1.2120191e+00   1.9891901e-01  -1.6960692e+00  -3.6798138e-01  -1.3780475e+00   9.5571383e-01   9.3243104e-01
   2.0000000e+00  -5.2757194e-01  -8.3899548e-02  -5.6784096e-01  -1.8474945e-01   2.2935452e+00   8.8466064e-01  -5.9878896e-01  -1.1094166e+00  -5.5961698e-01  -1.5786373e-01
   2.0000000e+00  -6.1013758e-01  -9.8116974e-01  -2.3297338e+00   1.7855182e+00   2.1532089e+00   3.0792126e+00   1.1250636e+00   5.9779014e-01  -1.9693562e+00   3.3535325e-01
   2.0000000e+00  -2.3589751e-01  -1.9960880e+00  -6.8565033e-01  -9.5319315e-01   3.6879763e-01   1.4518894e+00  -3.0248067e-01   1.4107623e-01  -3.2794116e-01  -1.1206917e+00
   2.0000000e+00  -6.9807047e-01   3.7434563e-01  -1.2522883e+00   1.6464325e-01  -5.7177777e-01   8.8987050e-01   1.2906944e+00  -5.3546683e-01   6.2583469e-02  -2.4992831e+00
   2.0000000e+00  -1.3462837e+00   7.1493945e-01   8.0123962e-01   4.8122241e-01   1.9084234e-02  -1.3274416e+00  -3.5614321e-01  -3.0150929e-01   7.5772757e-01   1.2543251e+00
   2.0000000e+00  -6.3053975e-02  -1.6870457e+00   5.0918145e-01  -1.8238084e+00   9.6493770e-01  -1.0329310e+00   6.3421894e-01   1.6715023e-01   9.4938563e-02   6.7327545e-01
   2.0000000e+00   2.1473328e-01  -1.0904622e+00  -2.9670041e-01  -1.4429615e-01  -2.1505711e+00  -7.1572059e-01  -8.9544894e-01  -7.2084601e-01   1.4855102e+00  -1.0494324e+00
   2.0000000e+00  -1.0426486e+00   8.0088670e-01   1.3384991e+00  -6.4072370e-01   7.7809346e-01  -6.4709885e-01  -1.1832892e-01  -1.8494556e+00   9.7609033e-01   5.4915099e-01
